[SharedOptions]
StartupFullscreen=True
ViewportX=3840
ViewportY=2160
Brightness=0.500000
SpeakerMode=SM_Stereo
SFXVolume=100.000000
MusicVolume=100.000000
VoVolume=100.000000
InvertYAxis=0
Sensitivity=50.000000
MouseSensitivity=4.000000

